#ewrwerwer
155456564567467546756756
##start
1 1 1
##end
2 2 2
3 3 3
4 4 4
5 5 5
1-2

1
##start
1 1 1
##end
1 3 2
0 0 0
4 4 4
5 5 5
1-1


1
##start
1 1 1
##end
asdas2 2 2
3 3 3
4 4 4
5 5 5

1
##start
1 1 1
##enda
2 2 2
3 3 3
4 4 4
5 5 5
1-2


1
##start
1 1 1
##end
2 2 2
3 3 3
4 4 4
5 5 5
1-2
2-4
4-5
5-2



1
##start
1 1 1
##end
2 2 2
3 3 3
-4 4 4
5 5 5
1-3
3--4
-4-2
5-2

1
##start
1 1 1
##end
2 2 2
3 3 3
4 4 4
5 5 5
1-3
3-4
#4-2
4-2


1
##start
1 1 1
##end
2 -2 -2
3 3 3
4 4 4
5 5 5
1-3
3-4
3-4
4-2

1
##start
1 1 1
##end
2 2  2 2
3 3 3
4 4 4
5 5 5
1-3
3-4
3-4
4-2



1
##start
1 1 1
##end
2 3 2
3 3 3
4 4 4
5 5 5
1-3-
3-4
3-4
4-2

1
##start
1 1 1
##end
2 3 2
3 3 3
4 4 4
5 5 5
1-3
-3-4
3-4
4-2

